Physical Pin | BCM GPIO Number | WiringPi Number
1            | -               | -
2            | -               | -
3            | 2               | 8
4            | -               | -
5            | 3               | 9
6            | -               | -
7            | 4               | 7
8            | 14              | 15
9            | -               | -
10           | 15              | 16
11           | 17              | 0
12           | 18              | 1
13           | 27              | 2
14           | -               | -
15           | 22              | 3
16           | 23              | 4
17           | -               | -
18           | 24              | 5
19           | 10              | 12
20           | -               | -
21           | 9               | 13
22           | 25              | 6
23           | 11              | 14
24           | 8               | 10
25           | -               | -
26           | 7               | 11
27           | 0               | 30
28           | 1               | 31
29           | 5               | 21
30           | -               | -
31           | 6               | 22
32           | 12              | 26
33           | 13              | 23
34           | -               | -
35           | 19              | 24
36           | 16              | 27
37           | 26              | 25
38           | 20              | 28
39           | -               | -
40           | 21              | 29
